IoU: 
0.5288944723618091
0.6384710000946163
0.8487010012433741
0.6861669713589275
0.7560431939766198
0.2245470783363103
0.5872774311368133
0.9615965751699824
0.24456958970233306
0.5085616438356164
0.6260777758226289
0.6962808481056656
0.09066918001885015
0.8037851037851038
0.5558968879390944
0.5257693733778273
0.7902813299232737
0.8197075936147994
0.11568546727048168
0.8915938708291565
0.4942922374429224
0.8460315093683216
0.8051148030614149
0.6969941171730196
0.9066505971293963
0.9297872340425531
0.8902015288394719
0.7583957812933666
0.7772853756570133
0.14581328200192492
0.4404311913761725
0.7202432667245873
0.2396047756278304
0.6603558594092384
0.5603802672147996
0.9259713437459662
0.8916209227419135
0.343266797863368
0.6777348466553973
0.7362280313099985
0.5483717989250712
0.3606705935659266
0.6970509383378016
0.32073887489504616
0.684085658987326
0.16322020520915548
0.7105227427019688
0.674974358974359
0.6867798030588729
0.7844596606132778
0.33201330587676225
0.5875264270613108
0.32183381088825214
0.6665390138822403
0.8845508616745463
0.6151218401275336
0.6178050652340752
0.5290613001456375
0.7813485259140439
0.2502699784017279
0.5667394071649391
0.783291058972733
0.11337939698492462
0.8786930830726452
0.21133554416641542
0.6060833646263613
0.7152417962003454
0.39603097773475315
0.3483788938334393
0.9327950605556875
0.6627316972144558
0.22429906542056074
0.425531914893617
0.24423847695390782
0.9420004797313505
0.6445772225239906
0.14501087970158533
0.8541619670651929
0.3779303415941058
0.7558411214953271
0.5503319850415935
0.5124567474048443
0.6375739644970414
0.6403781979977753
0.9136335355420749
0.4306003873466753
0.7563819342169857
0.6989949748743719
0.8703776553894571
0.9067419696434875
0.09966530308664931
0.6802904409012651
0.7055148057593046
0.7715109098394402
0.8164573186362472
0.4853259799093953
0.7570883767202785
0.8065117298837974
0.6128209637706648
0.8270450751252086
0.5583950932788142
0.4845417236662107
0.650887573964497
0.7671081677704195
0.9226440375167485
0.4197092084006462
0.7602658202737552
0.5917372635487989
0.7921359415135348
0.9450159877658835
0.7479070642460728
0.7756960513547809
0.36883116883116884
0.704548866536556
0.4302235929067078
0.9290435150425633
0.24843423799582465
0.9119167795149575
0.26930485028891615
0.5389204545454546
0.9132832080200501
0.44416243654822335
0.33382137628111275
0.7145339855818743
0.506127138115905
0.7647465437788018
0.64947245017585
0.7632517425838872
0.5566589429548715
0.8263495947392567
0.4548086492355017
0.9502821162809715
0.6635256965313503
0.5794136597938144
0.6922471467926014
0.5296819787985866
0.9325153374233128
0.4409658277061592
0.8534629577065002
0.5836271053662359
0.9439540257124237
0.5804299481097109
0.5704724027548744
0.796344453525522
0.8396196002578982
0.8680814453685116
0.5642862959042423
0.8666899319490491
0.31622828784119106
0.7850990525409131
0.7651601181012946
0.9059122695486331
0.6123321123321124
0.7794163143240177
0.574063951899426
0.5936957514846962
0.5011697860962567
0.9075763789214681
0.9042203214587837
0.8637366569264715
0.5423793234511592
0.4022097305679395
0.7488839950002976
0.7731519933554817
0.16966089082598065
0.7159446181330952
0.7817295803331151
0.0796283227475888
0.6435381355932204
0.6184677828513445
0.8600405679513184
0.8229031113214244
0.6831040346266811
0.9341143112968213
0.241189163270199
0.8788693142231512
0.4354899735149451
0.47612106066916565
0.500586940572267
0.7778898527335082
0.3647421256705795
0.6286995515695067
0.01453104359313078
0.37740303541315345
0.1820289855072464
0.2571514907332796
0.08524315259921744
0.9058823529411765
0.9324268155097678
0.7591259315397246
0.8482003129890454
0.31555136663524974
0.6025933064657438
0.9423870264118734
0.6197559115179252
0.34036144578313254
0.8099275263229865
0.5868506493506493
0.8493029581774907
0.8010548264442536
0.3991842977313281
0.8900019019844038
0.819943511689942
0.8252782277025968
0.7028444189053297
0.6519550909794812
0.5738444193912063
0.3792945487860742
0.49146757679180886
0.924835405998537
0.7132526332337683
0.4515554337398931
0.41536273115220484
0.6192362541594042
0.727882797731569
0.8358279205497505
0.5796946815495733
0.7104854368932039
0.533232399697199
0.9329062418838195
0.9393315572777913
0.19958688355280144
0.23397913561847988
0.8868147544324434
0.7447205861226835
0.3559805880673708
0.7385243718369884
0.5450104675505931
0.8281395235066777
0.5626531326566329
0.5407919847328244
0.4807726075504829
0.4271220570012392
0.531850353892821
0.6352644306592367
0.894709133982627
0.9159840459750397
0.3131471603388767
0.6514918486619502
0.3100219167164774
0.8361448261674552
0.7875271393276934
0.8475345792418963
0.8015490696136771
0.5096499836440955
0.9349067569616415
0.6184828820765272
0.49312100530820063
0.5173501577287066
0.07128198111916816
0.6973410884918986
0.47668139420716743
0.8394016370307649
0.5452772359988854
0.9526621963675119
0.5947621826670557
0.7051550313867224
0.38875878220140514
0.4864926220204313
0.9240375544674543
0.6915651574350724
0.8293902032655781
0.328030303030303
0.8863445761166818
0.9089613034623218
0.9129716981132076
0.7047101449275363
0.5378366823428816
0.3278035832780358
0.72513170127053
0.5986193293885601
0.9266874706108665
0.5360641139804097
0.8289320710845375
0.5312828270095382
0.6349784696919509
0.8934768039317894
0.9231472249916916
0.5758168655840344
0.7513728963684677
0.3457612997292231
0.4386066523250041
0.9099883855981417
0.7095310136157338
0.45189773326304694
0.6742196340352717
0.8124499777678968
0.7858469539375929
0.9146881744859707
0.6130570328259674
0.8347235967764739
0.797669728881918
0.5257985257985258
0.6673122146908286
0.8001147497572602
0.7071088165210484
0.4433260393873085
0.7605889602386975
0.4064935064935065
0.49117439397505297
0.5919016453605725
0.5784389762391595
0.2344439373193367
0.179790318982824
0.5867828612926652
0.684669219595933
0.8418487298583635
0.5407193054981397
0.5630638924691586
0.8492390615091947
0.2628968253968254
0.7887040413248253
0.8977460142935679
0.8208783848435557
0.6775611213039211
0.6414269599548788
0.7392120075046904
0.7955506929248723
0.6380122804512351
0.7400977583010282
0.5684486073050022
0.7309245960502693
0.8870132361404182
0.5285262354096215
0.6361181434599156
0.708325998943848
0.5565648224607762
0.7573229185158885
0.4497708410751889
0.8834627329192547
0.4304381245196003
0.7740752551020408
0.48522727272727273
0.8512241054613936
0.631536475145255
0.6802207377287249
0.23906672678088367
0.4962950488379926
0.7097896306112308
0.2867872470876763
0.4292675935215709
0.4474342928660826
0.5577325630076195
0.5085891298225852
0.4547184170471842
0.4480105517696197
0.9091390884465905
0.5368108862526169
0.7136779304611472
0.8172565445026178
0.7172405618443667
0.6773504273504274
0.6127778976904813
0.3565979090138457
0.6693381037567084
0.8969448431412754
0.7444957868986137
0.7008771929824561
0.7964507370054306
0.8966338993148645
0.26844734819369714
0.7009408602150538
0.33518621456364645
0.8797757847533633
0.6130980766173899
0.765508281909711
0.20812571866615562
0.4300619497880665
0.8948705342510652
0.41403901279451866
0.8522134245096274
0.8811952305703203
0.5690392843251653
0.3877551020408163
0.4787799848040812
0.6237984033020149
0.6122140481709161
0.4570745490110846
0.5455638695884554
0.6944234404536862
0.7558772660303632
0.4777705486879202
0.7212224108658744
0.6196623634558094
0.7598681197911896
0.8691044708236685
0.9123240775960442
0.6872904272579773
0.4912920988602894
0.8361669242658424
0.7408108108108108
0.8870883429168844
0.8270838953331535
0.6191716374023355
0.9054412179306456
0.6295895549303903
0.5152113789016199
0.7289624560754577
0.8499178245928583
0.777222614457177
0.8098939187060182
0.8056269016477654
0.5582322043108132
0.5485397668244257
0.22315008118765947
0.5794420861127957
0.6518735051820356
0.866341713699333
0.93837600814345
0.12092658029053789
0.724644128113879
0.6342248637939574
0.536630459902935
0.8454453017524972
0.6598475732049739
0.18784235136940547
0.8599633338034127
0.29606784888203547
0.32840236686390534
0.3535390870449085
0.07303807303807304
0.9260668500848797
0.8151562196778576
0.5092053688086471
0.9302499188575138
0.02120792992162287
0.7971790946862016
0.8779384282482542
0.18768465246462449
0.6955372871403406
0.857882787001561
0.25262762762762764
0.2877902385089243
0.8993949114237807
0.6932634604006424
0.7559679460143399
0.7314206171216456
0.8253389540845392
0.8367164446034159
0.7139740373077342
0.1718146718146718
0.37592288761279735
0.7431339031339032
0.694315337861995
0.48008213552361395
0.6750760128194593
0.8156338548724898
0.4048140043763676
0.8995139371094137
0.6594587915482516
0.40221203129215
0.7364681295715778
0.89321503131524
0.6338512932125323
0.9007429258166721
0.6866683725690891
0.7869964664310954
0.7871008140262993
0.8016831320892792
0.5420956995760146
0.9229855655033802
0.6539953452288596
0.42796092796092794
0.797278436845778
0.8471480753020512
0.6115767675771621
0.5921552660152009
0.5882745863734457
0.6504587155963303
0.8710169313282153
0.7381324986958789
0.8970504126154097
0.6584412254839124
0.29775280898876405
0.9041431462349558
0.7117012272534913
0.7089390142021721
0.5541583939995588
0.7336188436830835
0.8000920439509865
0.5179221774966456
0.04255980118049084
0.6277472527472527
0.23985392000942451
0.8912721893491125
0.5410714285714285
0.6463638215522509
0.111
0.7418167346532684
0.4306548053084439
0.7341104635026366
0.20538289009932714
0.7908121410992617
0.894772804919713
0.9158366768940288
0.6777672913576918
0.42021493674330024
0.8739148846072412
0.7964909443725744
0.6387677208287895
0.8950962135319678
0.8276338196713766
0.6951004582305252
0.8326668069880026
0.9303486035068266
0.4037102473498233
0.726718958611482
0.680405495531546
0.5135769359704995
0.6851712928232058
0.4012658227848101
0.9215460817265169
0.8885346256854993
0.2276176024279211
0.561306866748979
0.873015873015873
0.9382260340896754
0.7579605486356807
0.5915151515151515
0.413285086585681
0.786784643927501
0.9251333926189418
0.714571271022884
0.5115336658354115
0.44865403788634095
0.9154101835348524
0.9095260151304616
0.7779098395449529
0.8003053953172719
0.61939586645469
0.5165591397849463
0.7936593229446535
0.5905063291139241
0.8877799607072692
0.7971497529019653
0.4454898752301084
0.4261954261954262
0.8509634888438133
0.5125452837783443
0.5056240928882438
0.5101924609953308
0.9295052550628045
0.09572616515180817
0.46370370370370373
0.9523271417472985
0.9366269804068623
0.8126423690205011
0.7714018691588785
0.6348197257288166
0.783820584701642
0.8693739065896199
0.48424504158669224
0.16209206829479145
0.8931935581890003
0.16721198553469951
0.7809119010819165
0.9055644868537054
0.505909119635973
0.6821564160971906
0.406807131280389
0.47881081081081084
0.8996034540266094
0.1310324219333632
0.5917586460632819
0.3554092335962024
0.5572931475689508
0.4772577455504285
0.5985752984850005
0.49075986520273945
0.58390931711363
0.80414176797857
0.22448036951501155
0.7899006177813591
0.48326359832635984
0.8301196479778503
0.24213090582729663
0.6178122619954303
0.9393444408145486
0.5976406533575318
0.9424960954138861
0.7528539369694605
0.026829110232648563
0.5313104448742747

Acc: 
0.9599456787109375
0.9416961669921875
0.9647216796875
0.9764251708984375
0.9248504638671875
0.9536285400390625
0.9586181640625
0.990692138671875
0.9283599853515625
0.9518280029296875
0.935150146484375
0.9333343505859375
0.9263916015625
0.9754791259765625
0.9492645263671875
0.9804840087890625
0.963714599609375
0.9631195068359375
0.9344482421875
0.9884490966796875
0.959442138671875
0.952728271484375
0.9681396484375
0.942626953125
0.9739990234375
0.9723052978515625
0.992767333984375
0.9734344482421875
0.9670257568359375
0.9729156494140625
0.9390106201171875
0.960693359375
0.718170166015625
0.9408721923828125
0.9738922119140625
0.9824981689453125
0.9635467529296875
0.9287109375
0.9592742919921875
0.918243408203125
0.9564056396484375
0.8923492431640625
0.9706878662109375
0.9012451171875
0.92279052734375
0.9191131591796875
0.96746826171875
0.9516448974609375
0.954376220703125
0.96685791015625
0.9356536865234375
0.9702301025390625
0.819427490234375
0.9468536376953125
0.9884490966796875
0.94842529296875
0.977203369140625
0.9457244873046875
0.9396820068359375
0.9576263427734375
0.9272918701171875
0.9791412353515625
0.9569244384765625
0.9840240478515625
0.9600830078125
0.967987060546875
0.9798736572265625
0.9048004150390625
0.9843597412109375
0.98272705078125
0.9503021240234375
0.9810028076171875
0.959625244140625
0.907928466796875
0.9815521240234375
0.9700469970703125
0.9160614013671875
0.960540771484375
0.9433135986328125
0.9394073486328125
0.91009521484375
0.9785003662109375
0.977569580078125
0.9506683349609375
0.9661102294921875
0.959625244140625
0.9697113037109375
0.9360198974609375
0.979888916015625
0.9798431396484375
0.85223388671875
0.9348297119140625
0.95037841796875
0.9745941162109375
0.96722412109375
0.9601287841796875
0.9776458740234375
0.9730682373046875
0.9328155517578125
0.976287841796875
0.9736328125
0.97125244140625
0.954986572265625
0.9581451416015625
0.97357177734375
0.97259521484375
0.9631195068359375
0.946319580078125
0.98394775390625
0.9879302978515625
0.918212890625
0.9541473388671875
0.962921142578125
0.8798828125
0.9210662841796875
0.979522705078125
0.9615478515625
0.9781646728515625
0.9363250732421875
0.9752349853515625
0.9788818359375
0.9699249267578125
0.97222900390625
0.9323272705078125
0.9409637451171875
0.968841552734375
0.98175048828125
0.9554290771484375
0.938690185546875
0.9653472900390625
0.908050537109375
0.9814453125
0.899200439453125
0.9601593017578125
0.964202880859375
0.959381103515625
0.9894256591796875
0.95831298828125
0.9684906005859375
0.93511962890625
0.985565185546875
0.9654541015625
0.93243408203125
0.9581756591796875
0.9848175048828125
0.97894287109375
0.9183502197265625
0.9766845703125
0.8948822021484375
0.9467010498046875
0.952667236328125
0.9864501953125
0.9709320068359375
0.9673614501953125
0.9524383544921875
0.9321441650390625
0.9544525146484375
0.9724884033203125
0.968902587890625
0.9651336669921875
0.98162841796875
0.95294189453125
0.9356231689453125
0.9666595458984375
0.8808135986328125
0.97088623046875
0.9542083740234375
0.8805999755859375
0.9691925048828125
0.97705078125
0.985260009765625
0.9771575927734375
0.906158447265625
0.9865264892578125
0.9517059326171875
0.962860107421875
0.9544677734375
0.8848419189453125
0.8961334228515625
0.9832000732421875
0.8175048828125
0.968414306640625
0.988616943359375
0.971832275390625
0.91387939453125
0.8874664306640625
0.900115966796875
0.98583984375
0.982635498046875
0.9709014892578125
0.9866790771484375
0.9445953369140625
0.96539306640625
0.9814605712890625
0.969573974609375
0.98663330078125
0.95758056640625
0.953399658203125
0.9661865234375
0.975250244140625
0.9640350341796875
0.9735260009765625
0.9649810791015625
0.948974609375
0.9368743896484375
0.9588470458984375
0.948089599609375
0.9793243408203125
0.9113311767578125
0.9811859130859375
0.97216796875
0.938934326171875
0.8933868408203125
0.926666259765625
0.9560699462890625
0.973388671875
0.9218597412109375
0.9772491455078125
0.9529571533203125
0.9881744384765625
0.984710693359375
0.95269775390625
0.945098876953125
0.9576263427734375
0.9728851318359375
0.965576171875
0.9550628662109375
0.9403076171875
0.9463958740234375
0.84747314453125
0.9706268310546875
0.9548797607421875
0.8871307373046875
0.985870361328125
0.9470672607421875
0.969482421875
0.9701080322265625
0.9665985107421875
0.965423583984375
0.9471588134765625
0.951385498046875
0.956695556640625
0.9559326171875
0.9679412841796875
0.954254150390625
0.9803466796875
0.9739837646484375
0.9286041259765625
0.97198486328125
0.89642333984375
0.9777679443359375
0.983734130859375
0.96527099609375
0.97509765625
0.983734130859375
0.9152374267578125
0.929046630859375
0.976104736328125
0.965484619140625
0.9741973876953125
0.979522705078125
0.984375
0.8511199951171875
0.9524383544921875
0.9795379638671875
0.9831085205078125
0.9626922607421875
0.9835052490234375
0.9536285400390625
0.9864654541015625
0.9689483642578125
0.9738311767578125
0.9920501708984375
0.984283447265625
0.8297882080078125
0.96636962890625
0.9563446044921875
0.9858856201171875
0.9669189453125
0.9571685791015625
0.904144287109375
0.8964691162109375
0.9739837646484375
0.9208984375
0.9365386962890625
0.81988525390625
0.9678192138671875
0.964813232421875
0.9885406494140625
0.967803955078125
0.9464874267578125
0.9862213134765625
0.994110107421875
0.9633026123046875
0.9308929443359375
0.9774932861328125
0.961181640625
0.9436798095703125
0.9651336669921875
0.93402099609375
0.898193359375
0.9087677001953125
0.9232177734375
0.9438934326171875
0.9739532470703125
0.96356201171875
0.957916259765625
0.966094970703125
0.927581787109375
0.970977783203125
0.977325439453125
0.9151153564453125
0.97161865234375
0.971435546875
0.8846893310546875
0.9611968994140625
0.9809112548828125
0.9572296142578125
0.9613189697265625
0.95294189453125
0.8390045166015625
0.963409423828125
0.96405029296875
0.934051513671875
0.9342041015625
0.9747161865234375
0.96722412109375
0.9791412353515625
0.932220458984375
0.9770965576171875
0.9886932373046875
0.956756591796875
0.9930877685546875
0.9963836669921875
0.9651641845703125
0.9832000732421875
0.8969879150390625
0.9543609619140625
0.9732666015625
0.9290008544921875
0.939239501953125
0.9865264892578125
0.919403076171875
0.9733734130859375
0.9781341552734375
0.923370361328125
0.9764556884765625
0.9594879150390625
0.9106597900390625
0.9334259033203125
0.9272003173828125
0.9147491455078125
0.972625732421875
0.9652557373046875
0.9294891357421875
0.9616546630859375
0.942626953125
0.9427642822265625
0.9679718017578125
0.968231201171875
0.9419097900390625
0.9524688720703125
0.9635009765625
0.9590911865234375
0.962860107421875
0.97796630859375
0.968475341796875
0.91998291015625
0.9804229736328125
0.8721160888671875
0.9498748779296875
0.974761962890625
0.98309326171875
0.981231689453125
0.85345458984375
0.8943023681640625
0.9412841796875
0.961883544921875
0.9481048583984375
0.9506683349609375
0.9418487548828125
0.9632568359375
0.9624176025390625
0.92987060546875
0.91998291015625
0.956085205078125
0.9788970947265625
0.9558868408203125
0.8787689208984375
0.985443115234375
0.970733642578125
0.98681640625
0.9315338134765625
0.9308319091796875
0.948822021484375
0.9216461181640625
0.9438323974609375
0.9552764892578125
0.9693450927734375
0.937408447265625
0.972381591796875
0.9249420166015625
0.9627838134765625
0.9403228759765625
0.9488983154296875
0.957672119140625
0.96002197265625
0.9920501708984375
0.9879913330078125
0.9658355712890625
0.943328857421875
0.90985107421875
0.938812255859375
0.9605712890625
0.935302734375
0.9072418212890625
0.969696044921875
0.9860687255859375
0.9064788818359375
0.946624755859375
0.963592529296875
0.9807281494140625
0.9709320068359375
0.93695068359375
0.9672088623046875
0.9676055908203125
0.9716949462890625
0.9810638427734375
0.9202880859375
0.9841766357421875
0.9694366455078125
0.939239501953125
0.9311981201171875
0.97894287109375
0.9446258544921875
0.9558563232421875
0.9470062255859375
0.9766082763671875
0.972137451171875
0.959991455078125
0.97381591796875
0.9535675048828125
0.965606689453125
0.94781494140625
0.88409423828125
0.939666748046875
0.9543304443359375
0.987548828125
0.9845428466796875
0.95794677734375
0.9661865234375
0.9807586669921875
0.968780517578125
0.889617919921875
0.9722747802734375
0.9626312255859375
0.954010009765625
0.9688720703125
0.975189208984375
0.90771484375
0.974273681640625
0.993194580078125
0.971405029296875
0.982269287109375
0.94189453125
0.9398956298828125
0.9541473388671875
0.8777313232421875
0.9360504150390625
0.9625701904296875
0.9693603515625
0.98077392578125
0.9186859130859375
0.9866485595703125
0.9725341796875
0.9584197998046875
0.94683837890625
0.9691619873046875
0.990509033203125
0.9469757080078125
0.8848724365234375
0.952972412109375
0.859405517578125
0.8030853271484375
0.9842987060546875
0.9490203857421875
0.9735107421875
0.918609619140625
0.920806884765625
0.9404296875
0.985382080078125
0.962158203125
0.9883270263671875
0.981201171875
0.9727935791015625
0.963531494140625
0.934967041015625
0.9818267822265625
0.9615936279296875
0.9393463134765625
0.9613189697265625
0.9428558349609375
0.973602294921875
0.975738525390625
0.9846649169921875
0.95880126953125
0.9500274658203125
0.96343994140625
0.9778594970703125
0.9039459228515625
0.9783477783203125
0.9864654541015625
0.97332763671875
0.9145660400390625
0.9295196533203125
0.990966796875
0.982635498046875
0.923797607421875
0.9742889404296875
0.965362548828125
0.95440673828125
0.9794464111328125
0.9368133544921875
0.9760894775390625
0.9578094482421875
0.97320556640625
0.98211669921875
0.920166015625
0.964080810546875
0.963470458984375
0.94854736328125
0.947265625
0.980255126953125
0.97821044921875
0.9730682373046875
0.917266845703125
0.949462890625
0.9551544189453125
0.9445648193359375
0.9584197998046875
0.9343719482421875
0.9874114990234375
0.92864990234375
0.983428955078125
0.979400634765625
0.9793701171875
0.9849395751953125
0.9813385009765625
0.9386444091796875
0.9588165283203125
0.96240234375
0.9015960693359375
0.9408416748046875
0.978546142578125
0.8524169921875
0.948089599609375
0.9722137451171875
0.880706787109375
0.936126708984375
0.882720947265625
0.852874755859375
0.9586639404296875
0.9112548828125
0.957672119140625
0.8715362548828125
0.952484130859375
0.9636993408203125
0.9389495849609375
0.8570404052734375
0.954071044921875
0.9709930419921875
0.948760986328125
0.9403228759765625
0.9359283447265625
0.973785400390625
0.819610595703125
0.8774871826171875
0.9915008544921875
0.9661712646484375
0.9814605712890625
0.9613494873046875
0.7708587646484375
0.9408416748046875

Precision: 
0.7387816495362246
0.8213242453748782
0.9169907374672983
0.8767194393978718
0.9795276601206521
0.22780222624902924
0.6177365135264927
0.9874579777605379
0.24539877300613497
0.5992296404988995
0.9083482256829206
0.7367956451375607
0.09292890262751159
0.8408481287520756
0.6814014407334643
0.5804338927548096
0.9127113465064168
0.9187358916478555
0.11568546727048168
0.9431904256930768
0.5099116781157998
0.9835904547293003
0.8267203373586353
0.825522573255703
0.9316595361405089
0.9618616936129342
0.9751332149200711
0.8046230859835101
0.9844667797937606
0.15097159940209268
0.46885245901639344
0.9466171852697688
1.0
0.9396358194063358
0.7515506547208821
0.9559568230277186
0.9937304075235109
0.42699772687532783
0.8926526717557252
0.7934107910233965
0.5717817702324048
0.5940298507462687
0.9328830730265935
0.5651932679859442
0.8443399861293057
0.1644925230671333
0.774800118448327
0.7055859333118902
0.7290925266903915
0.947841726618705
0.35423356430623626
0.6225358422939068
0.7451240546636593
0.6720725938797181
0.9042719052073589
0.9221577330146807
0.6854953164916264
0.5665674181199489
0.8640283809407303
0.3132815140250084
0.8491825613079019
0.8641133263378804
0.6202749140893471
0.9549231931503399
0.28334680679062246
0.6263096623981373
0.7756965581830952
0.6944491597351893
0.6109253065774805
0.958224065377813
0.7039155301363836
0.22457891453524642
0.44565711687130516
0.2447289156626506
0.9864858075860337
0.7190466572409614
0.1452592246613732
0.9679192229038854
0.39048442906574393
0.8935164994912052
0.5990197707260342
0.5414990859232176
0.660874009711219
0.9289979022107472
0.9629493012008689
0.9629451395572666
0.8655898876404494
0.8222428643810167
0.9737044779403675
0.9351973205184214
0.6572654812998161
0.6881720430107527
0.8192429022082018
0.8488600332175751
0.8316650709374184
0.9436997319034852
0.9235436893203883
0.9383928571428571
0.6924682034976153
0.8533532384014699
0.6451136699143785
0.6372795969773299
0.7679419156660151
0.7878444366934078
0.9927912341407151
0.6055944055944056
0.8526140155728588
0.6142633417660522
0.9459650778669183
0.9770032339202299
0.9887458807436423
0.9827879704936637
0.38482384823848237
0.765953974212502
0.8303571428571429
0.9672997522708505
0.2750082535490261
0.9736461619348055
0.2717314487632509
0.6020311012377023
0.9523062851169476
0.5116959064327485
0.5155455059355568
0.7415002337853183
0.5736400462962963
0.947203196347032
0.8818145642658177
0.823956601627439
0.5893691588785047
0.9229652404133573
0.9954455445544554
0.9839966130397968
0.9844328572508123
0.6260006961364427
0.8515410682588349
0.5426244343891403
0.9717881063527501
0.6996753246753247
0.99085516559565
0.8244570480011066
0.9624864081188836
0.6550930767621836
0.6805137699606573
0.9021126167830991
0.9470909090909091
0.917828987265009
0.5685454097957174
0.977563471757528
0.9071753986332574
0.8806155544820924
0.9221715328467154
0.9276337202994467
0.9275585696670777
0.9643996427204288
0.6349758162031439
0.7604447045055588
0.5250350140056023
0.9862410873440285
0.9250889508606597
0.9724068479355489
0.9020227560050569
0.44903700497727767
0.7823653774406168
0.8184415869875811
0.16989567809239942
0.7890073831009023
0.8133181990162693
0.07968455743879473
0.8007469244288224
0.676846196557468
0.961918651758224
0.9358267186869367
0.980184842883549
0.9772833723653396
0.24229287090558768
0.9228678929765887
0.49654874892148404
0.9454169538249483
0.6008277562522015
0.8070322310590206
0.9511080332409972
0.7489316239316239
0.34375
0.551231527093596
0.19478908188585609
0.4945757458349477
0.08553000560852496
0.9638502212150643
0.9711193568336426
0.8295376121463078
0.9082107614969279
0.543859649122807
0.9214898177920686
0.973356842002155
0.6310679611650486
0.3450381679389313
0.9433781954288445
0.5974383693706101
0.9815309651053128
0.9328667333238109
0.455364931666182
0.9551609171939852
0.9214424263798272
0.866286403773378
0.8578818165877609
0.9295308187672493
0.694722474977252
0.48677248677248675
0.5160816026465723
0.9916334400941238
0.9511530398322852
0.8105781057810578
0.842069550466497
0.7559725311925718
0.9334545454545454
0.9647940888840596
0.9387293992557151
0.8430875576036866
0.7562808675112733
0.9801710023649263
0.9575952101722116
0.22849541826780964
0.23558413719185423
0.9741661070069397
0.84114879117313
0.5532386867790594
0.7788389513108614
0.5588550983899822
0.9853317811408615
0.9515353311135775
0.5509113001215067
0.48831817371143216
0.6331802525832376
0.5739225313693399
0.886573734409391
0.9709764040450208
0.9529716223451722
0.6156693399136336
0.6854368932038835
0.32075860647289217
0.9436415346218585
0.9700295094061232
0.9174238527915881
0.9140456699698406
0.6108606155655754
0.9608871805526699
0.648978633482038
0.6248455730954016
0.5803597758773223
0.08102643856920684
0.7125875610273827
0.655195681511471
0.8694635287238708
0.5466480446927374
0.9733224445351845
0.7072959139411815
0.9651970144072209
0.44603672189879084
0.4996502681277687
0.9794305304256737
0.7221022318214543
0.8956459157970493
0.8645852241786168
0.994273560209424
0.9579308864563211
0.92578125
0.8256686005377105
0.5878504672897197
0.35176833610253977
0.9397590361445783
0.6269365833505474
0.9873383129896156
0.6068548387096774
0.9046583288018851
0.9255544982065734
0.784690953745395
0.9435008256664308
0.9682788671023965
0.7650116974265662
0.8425705204608661
0.4585635359116022
0.7653768408894023
0.9862112369836366
0.9851408121985374
0.6121028204212781
0.907736325802616
0.9336739908022483
0.9719733517114634
0.9429675606042862
0.6901321222130471
0.8844943820224719
0.8559749939889396
0.6761453396524486
0.7409000153586238
0.9706590994271028
0.8764459758798917
0.5630906058921623
0.8909657320872274
0.4404728398536448
0.7279386117893268
0.9376029454510222
0.6395883682856475
0.24683645683165145
0.20751802265705457
0.9323076923076923
0.7245667970933483
0.9715439084110913
0.8294229549778059
0.8368910782703887
0.9807762724276822
0.2753246753246753
0.9917848784448584
0.9634786713080418
0.9230686464385626
0.9916942484231562
0.6790565756082998
0.8893905191873589
0.9694249400053329
0.8089806264711208
0.8721819445823815
0.9862333238717003
0.9826519837079499
0.9594356261022927
0.9103720405862458
0.7830061285966552
0.7890196078431373
0.6726546906187625
0.8029361942405421
0.8141255605381166
0.9245957585114163
0.4419889502762431
0.8558082143486692
0.6589506172839507
0.8692307692307693
0.6554438860971524
0.894576012223071
0.25352617738465216
0.9839732888146911
0.8546071001196649
0.2869631901840491
0.654787931788369
0.6505914467697907
0.6029145546705286
0.5514503816793893
0.479149959903769
0.8966124065112187
0.9679623824451411
0.5795818421548314
0.9023123531593916
0.9900548000811853
0.9736905623944002
0.9948261238337575
0.6596189591078067
0.35944175448590143
0.8181579637890317
0.910157712954101
0.9493111515466597
0.9742822303514023
0.9277081215407207
0.9362849292342786
0.44222855333966443
0.747900020487605
0.37924528301886795
0.9052277026715267
0.6481263653167535
0.8267274640477026
0.24681818181818183
0.4690611664295875
0.9515552844820075
0.43457841050854923
0.9829796066628613
0.9382074028754971
0.6360869565217391
0.45343422584400467
0.4957015227285498
0.9980882864094542
0.8733467510063255
0.470680393912265
0.7985527087815373
0.7259881422924901
0.8353390910378027
0.9549198092761162
0.9336263736263736
0.7676850522862415
0.806395179317718
0.9790449841172252
0.9527308838133068
0.7559785841760857
0.9458826429980276
0.9148816234498309
0.9219643457786747
0.9185385656292286
0.9620763851533082
0.9473007712082262
0.9736251743163766
0.7351752021563343
0.5846659692123748
0.7797230464886251
0.9752271558374764
0.9263982392542724
0.8715948909234769
0.9937609670501072
0.565712187958884
0.6728971962616822
0.6202450032237267
0.8319547235524597
0.6746424642464246
0.9354570637119114
0.9661399548532731
0.12505075111652456
0.9231205137891954
0.8485752153744202
0.7564749959276755
0.9575909491226882
0.7040746447526108
0.18956451395442903
0.9889717807330523
0.3069544364508393
0.336212699124972
0.4101629502572899
0.0951417004048583
0.9769653554004817
0.8816245146395214
0.5902519619991738
0.9861001204197488
0.03116531165311653
0.9250190307028673
0.9111882400979991
0.18794767985051386
0.7105578884223155
0.9776825422495351
0.27313311688311687
0.29849279161205766
0.9701950298836112
0.7053663570691434
0.9746601413811854
0.9565129449838188
0.9220977596741344
0.9383273164861613
0.7434120854157201
0.2101534828807556
0.3766180398602835
0.8186040672859654
0.7602270503033862
0.987192118226601
0.6944796686110407
0.9229107130410539
0.8486238532110092
0.9307194909165555
0.7767428321932761
0.500503524672709
0.80474994290934
0.9392974753018661
0.6581699689914332
0.9640434985968195
0.7835036496350365
0.8329094988780853
0.8327260682345148
0.9493067590987868
0.5953766838516548
0.9450446658247977
0.65705378020265
0.6865817825661117
0.8648750946252839
0.9864915396840236
0.6566437268395977
0.6680447098453529
0.9545606136401534
0.7528718988319336
0.9358228348680866
0.9419204526543518
0.9484277816171389
0.9400622254758418
0.32860938883968116
0.9871504157218443
0.716705731941189
0.9757387604921237
0.5932923948984412
0.7811217510259918
0.9675803534158898
0.9798138522905838
0.04827343199436223
0.949871622447732
0.9779058597502401
0.9873580709352686
0.5506780371871942
0.8479422768572956
0.11770943796394485
0.8113607922084989
0.5272272808427066
0.8081271005194012
0.20538289009932714
0.915769474350855
0.97824259968251
0.9682119866260791
0.9542520880789673
0.45009471076788576
0.9454816172259765
0.8804182679417285
0.6770371797341552
0.9774945770065075
0.9720525433807233
0.9098039215686274
0.9652311821398073
0.9733884417373649
0.9013806706114399
0.8331579450875347
0.7698460609719288
0.5432624113475177
0.9422931425820208
0.43070652173913043
0.9667811079150042
0.9859892442683272
0.7998061076102763
0.5859607376561571
0.8998452354631882
0.9692687303723643
0.7881765951013002
0.6534547402249599
0.41814853556485354
0.8892652633276877
0.9883617362389406
0.7915553180117584
0.9933414043583535
0.6050013444474321
0.9602324406265791
0.9797920997920998
0.9526928675400291
0.931477093206951
0.6666666666666666
0.8155273879583522
0.8832558139534884
0.6240802675585284
0.9967354861478737
0.8164802825191289
0.5573896353166986
0.4608467590857999
0.984800469483568
0.9690512430238457
0.6171390611160319
0.5863874345549738
0.9916134913400182
0.0960419091967404
0.7542168674698795
0.9712947956059788
0.9733547664279799
0.9400527009222661
0.8016705516705517
0.9363697253851306
0.8198039708469465
0.9294904494700448
0.5593533487297921
0.16447368421052633
0.8965990544456306
0.17347029924073246
0.888416733826654
0.9787019392444793
0.8722894192001743
0.8086408640864087
0.6996283514733209
0.5722591898701467
0.9166226115852277
0.13808849000157455
0.6041165865384616
0.5850768842954374
0.6518124376454939
0.5054689318128928
0.9563962808592498
0.9395421436004162
0.8973868706182282
0.8406936665230504
0.2268378063010502
0.8661639962299718
0.5034615384615385
0.8336643495531281
0.33588261449533124
0.7873218077039733
0.9717246817618564
0.7194668997159711
0.9951526660336815
0.8934691987031033
0.33522267206477735
0.5357795928318908

Recall: 
0.6505518763796909
0.7414569827491484
0.9193308286666194
0.7594424460431655
0.7681815894106397
0.9401709401709402
0.9225436289744203
0.9734862970044614
0.9863724853990915
0.7707006369426752
0.6682945154019534
0.9268066993615249
0.7885245901639344
0.9480126728110599
0.751127955242736
0.8480861244019139
0.8548941041785919
0.8837863921505549
1.0
0.9421912832929782
0.9416455237404857
0.8581438725613753
0.9685605209970806
0.8174085625177204
0.971244131455399
0.9653773547013696
0.9108793552974639
0.9295798605204967
0.7869365609348915
0.8101604278074866
0.8790164850516904
0.750735793525017
0.2396047756278304
0.6896109839816934
0.6877956480605487
0.9672352187689611
0.8966649938409599
0.6364347146207975
0.7378730116997503
0.9108350082221817
0.9305257510729614
0.47865303668069753
0.7338535613481654
0.42580465375505083
0.7828106022719155
0.9547553093259464
0.8954483230663929
0.939605939463164
0.9220815752461322
0.8198506533914126
0.841091492776886
0.9126436781609195
0.36164595273359523
0.9877979568671964
0.9759380784115766
0.6488109536392025
0.8621920742591932
0.8887900355871886
0.8908930373360242
0.5544258373205742
0.6301688403599232
0.8933285120231423
0.12183597705028687
0.9167170313066603
0.4540155440414508
0.9494117647058824
0.9017419706042461
0.47960140679953106
0.4477124183006536
0.9723373971161582
0.9188801148600143
0.994475138121547
0.9040590405904059
0.9918616480162767
0.9543157076205288
0.861568247821878
0.9883474576271186
0.8790481717933837
0.921600653327889
0.8306642340698696
0.8713146447559207
0.9052567237163814
0.9475998534261634
0.6733333333333333
0.9469208447525391
0.437855579868709
0.8570435266305103
0.8234249471458773
0.8913284318662503
0.9675329566854991
0.10512895949789154
0.9834433502867655
0.8355855855855856
0.8943684377982819
0.9780939707237178
0.4997971602434077
0.8077127189103132
0.8516031948142146
0.841971728887278
0.9640633108458744
0.8059756547399484
0.669059312429165
0.8102533883323512
0.9668271803103263
0.9288669064748202
0.5775900400177857
0.8752997601918465
0.9416435826408126
0.8296771523178808
0.9665150007109342
0.7543285422892653
0.7863791146424518
0.8987341772151899
0.897838148077291
0.4716821639898563
0.9591680768600906
0.7199654278305964
0.9349952666456295
0.9679043423536816
0.8371579876434245
0.9570584372948129
0.7709251101321586
0.4864
0.9515686610663466
0.8113361980765296
0.7987966305655836
0.7113964686998395
0.9119697850087158
0.9093366979091565
0.8875657030223391
0.4557570262919311
0.9651993355481727
0.6705615895403305
0.8861788617886179
0.7872594360734
0.9569103096074051
0.9584626163547193
0.543917213528521
0.8602388956440884
0.6664430280666443
0.9800098413088941
0.8358686949559647
0.7791467938526762
0.871665582303188
0.8809403010316252
0.941231343283582
0.9868983195670749
0.8842798646964571
0.3268027489998974
0.8786147066923713
0.8179831660731628
0.9748033291528903
0.6430861295148536
0.8025058398810788
0.8568223536610239
0.7302764666217127
0.9168450015285845
0.9192149940293858
0.9756592292089249
0.8854383176427436
0.5763327948303716
0.7941063911213165
0.9459439139914292
0.9332080200501253
0.9919204474829086
0.8854722887129443
0.9526679666725758
0.9912152269399708
0.7662392264031953
0.8776097912167027
0.8903554822258887
0.8721163490471414
0.6926694184649146
0.9548470749752117
0.9814634146341463
0.9485444193790955
0.7798102981029811
0.4895788722341185
0.7500274815873365
0.955638166047088
0.3717115946735953
0.7965909090909091
0.014945652173913044
0.5447906523855891
0.7353629976580797
0.3488181445552671
0.9621451104100947
0.937742782152231
0.959020398192256
0.8994313079916193
0.9277291745910993
0.4291207382722379
0.6352050240118212
0.967339985397907
0.97188995215311
0.9617021276595744
0.8513115343154869
0.9706869545759678
0.8630960608154803
0.8500585708707536
0.7639024390243903
0.9288077279343655
0.881568958245466
0.9457517513921322
0.7954637834322413
0.6858539234319848
0.7673366834170854
0.6320610687022901
0.911540334361305
0.9321086261980831
0.7403720626631853
0.5048261069404014
0.45045372050816695
0.7739380136647193
0.7677200677898515
0.86212253616856
0.6024908299923227
0.8187513985231596
0.6438756855575868
0.9508514956322245
0.9800998167919641
0.6120348376880443
0.9717064544650752
0.9081726354453628
0.8665997993981945
0.499599358974359
0.9345017413773733
0.9565217391304348
0.8384763980385358
0.5792531867933877
0.9671501706484642
0.9688605803255484
0.5675620047339713
0.8788638262322472
0.6914625772487983
0.9192946394763888
0.959349593495935
0.38923556942277693
0.9293549802544976
0.9025522041763341
0.8800952741839442
0.8071669736034377
0.9175287192090072
0.866891408724078
0.754662145798014
0.9718924030681938
0.9293880295897781
0.7005232379193598
0.8265434691306174
0.37214285714285716
0.9702312138728324
0.6363040629095675
0.9604392055546584
0.9954221770091557
0.978204368245862
0.7889491000580607
0.7235523747560182
0.7516981132075472
0.9486498450641877
0.9423244308030602
0.9423739430003132
0.918111398008115
0.3457964280528532
0.8908924317390507
0.946754348748409
0.9850708287386547
0.827894438138479
0.8634179821551132
0.8279329608938547
0.7604809879753006
0.9298406862745098
0.9378325762491888
0.8212824010914052
0.9082802547770701
0.5549995610569748
0.7689530685920578
0.9439833208764408
0.9519362577107608
0.6995483717613501
0.8740855229263267
0.5843013023583246
0.5067393174648696
0.921715416287899
0.7172066153149071
0.6332409972299169
0.7238222222222223
0.8622121555303889
0.8040668947168377
0.9682539682539683
0.8459008097165992
0.9368454458901936
0.9213250517598344
0.7027914614121511
0.8704438830747022
0.8199457259158752
0.7853992059991177
0.675783855903936
0.8386496924617365
0.8404940923737916
0.6016142980686077
0.6161731932505572
0.8581589958158996
0.823623730625334
0.5736654804270462
0.6128950695322377
0.9255622991788647
0.8631312834381798
0.6083720930232558
0.6324715615305068
0.8636143801386426
0.8534621578099839
0.793890503135036
0.9293722611120596
0.8811626951520132
0.6814280810161346
0.9204775394577094
0.8140495867768595
0.816025736944486
0.7511768661735037
0.8301351734568485
0.5729952587095444
0.7404797089917017
0.9215744892874937
0.5575373993095513
0.7722569408872042
0.8738327904451683
0.7633069082672707
0.9302224160488443
0.5012424075096632
0.9520582329317269
0.9427609427609428
0.8901723505683902
0.6479514415781487
0.9762419006479481
0.9453974389949263
0.7395011051468267
0.8073848496383708
0.500339558573854
0.8072720422004521
0.9978666666666667
0.5548351241200444
0.5889621087314663
0.8815510852302806
0.8674351585014409
0.8991723100075244
0.47241539174779784
0.9373444235322689
0.8791428571428571
0.7734379140388998
0.8240212846826301
0.7314154478423788
0.6797450014488554
0.89614898989899
0.9782945736434109
0.7863147276395427
0.9840727076397012
0.7753166796405067
0.7140883977900553
0.8491521918941274
0.954898746893671
0.4058686809994189
0.9177875549968573
0.7426108374384236
0.9690309196878396
0.9189897545866095
0.9117988394584139
0.5703781512605042
0.837992376111817
0.9375858516483516
0.8975447105183388
0.8649771689497717
0.9354887906054599
0.8437139561707035
0.72803738317757
0.9334461961697175
0.624544614213474
0.6718646317186463
0.9405187835420393
0.6326309265571739
0.9410785192775714
0.8882197967632668
0.4887952074550699
0.760200429491768
0.7626807903850071
0.9294275792539487
0.8855779034201502
0.9555776892430279
0.8832360300250208
0.5055010211476382
0.9067039106145252
0.7903690888119954
0.9628368794326241
0.8549575747918575
0.6412598973288088
0.9282080924855491
0.8142550611064465
0.8126298296634815
0.9180156049842786
0.8686722150110713
0.828374623755499
0.919618366129994
0.809722387704039
0.9768621236133121
0.7479930741382024
0.2584631918323482
0.65625
0.9507751937984497
0.921418826739427
0.9702858068172617
0.7857142857142857
0.7711851033612119
0.7151633621893326
0.6486939516692275
0.8783321941216679
0.9130772646536413
0.9538670284938942
0.8682899045991741
0.8930232558139535
0.9339358055468994
0.719172932330827
0.23918575063613232
0.9467384799521245
0.9153410329047723
0.7876171229101598
0.9426100111820036
0.06224627875507442
0.852250146113384
0.9600946541895236
0.9925986842105263
0.9705038918476034
0.8750180923433203
0.7709049255441008
0.8892142508540751
0.9249512670565302
0.9758477096966092
0.7711237308552745
0.7565794736421086
0.8872014696876913
0.8854087812263437
0.947452229299363
0.48501362397820164
0.995114006514658
0.8896316507503411
0.8889906157015335
0.48309112197809767
0.9602571595558154
0.8752644103648863
0.4363207547169811
0.964065490112694
0.8136911114499161
0.6719242902208202
0.8966921119592876
0.9479339758502271
0.9449181317437562
0.9320558476061274
0.8474656560871625
0.9345417925478349
0.9349200446262551
0.8375382262996942
0.8583073603452409
0.9753342665443838
0.9929328621908127
0.5318664643399089
0.9107214029493822
0.8570906432748538
0.8991011887503624
0.8390384615384615
0.6052228154569963
0.8270413573700954
0.9263505200760541
0.7733296898483399
0.9430510221611407
0.687295109386499
0.7602459016393442
0.9149108153257531
0.9902841160017666
0.7216600051024747
0.8936321593738883
0.9234501347708894
0.822131583614116
0.523508137432188
0.2644787644787645
0.6492562259735919
0.24116079360379034
0.9015604959384352
0.9687653713723561
0.7311059907834101
0.6607142857142857
0.8964232040877668
0.701591827037301
0.8890756302521008
1.0
0.8528457682099676
0.9129411764705883
0.9442281487249368
0.7005295429208472
0.8635728263908303
0.9202898550724637
0.8931097008159565
0.9187034374591556
0.9139307897071872
0.8478076379066478
0.7465455233768692
0.8584138005858739
0.9546294979377045
0.422365988909427
0.85048828125
0.8541527126590757
0.9038348082595871
0.7151806222593443
0.8544474393530997
0.9516806722689075
0.8998966675277706
0.24136922176711528
0.9302691641744057
0.9669755286291281
0.9669911603446346
0.9518563603164942
0.861886259272342
0.9726277372262774
0.8722411201645439
0.9353225443919982
0.8802003735778571
0.5132937128558023
0.6345177664974619
0.9514820749048668
0.9269136967980489
0.8091663723066055
0.8503695691364702
0.8972823583602026
0.5849025974025974
0.8866728922091782
0.9165029469548134
0.8903688524590164
0.9711565387846541
0.6893495806298465
0.8500345542501728
0.8622886799239504
0.5210748874641932
0.7367168913560667
0.797011207970112
0.9368702092842994
0.966796875
0.5462478184991274
0.9799062534064896
0.9612738730937606
0.857057057057057
0.9533379533379533
0.6634396355353075
0.9469711631507645
0.9307565696123503
0.7829066459787949
0.9179926560587516
0.9957655826558266
0.8225328250741212
0.8658336308461264
0.923768713960747
0.5463790867517576
0.8134733792104311
0.49289321114643725
0.7456856637764122
0.9797780020181635
0.7194421657095981
0.9665865384615384
0.4751765789743065
0.7935222672064778
0.8953009068425392
0.6153687467766891
0.5067632036818769
0.625685083691305
0.9487054819496779
0.9557522123893806
0.8997124151012666
0.9233482247825064
0.9949040056885518
0.46451850940843686
0.7415723917266598
0.9657411553963278
0.7792238523426408
0.946842906047927
0.8270982956372601
0.028336755646817247
0.9845430107526881

F1: 
0.6918652423993427
0.7793497719004446
0.9181592920353981
0.8138778460426455
0.8610758511748611
0.3667430714732236
0.739980824544583
0.9804223634379614
0.3930187459599224
0.674233825198638
0.770046531760632
0.8209499610671693
0.16626339440027652
0.8912204697759426
0.714567774057859
0.6891859052247874
0.8828571428571429
0.9009223201475712
0.207380073800738
0.9426905897494132
0.6615737203972498
0.9165948740038767
0.892037228541882
0.8214455313894956
0.9510401103321456
0.9636163175303196
0.9419117647058823
0.862599636966301
0.8746883154537547
0.25451490970180596
0.611526873359899
0.8373737373737374
0.3865825307206908
0.79543894842422
0.7182611559361106
0.9615629503032741
0.9427057102429431
0.5110925073252407
0.8079165167326376
0.8480775774072815
0.7083205717202654
0.5301365301365302
0.8214849921011058
0.4856961220597584
0.8124119522503152
0.28063509295698197
0.8307667883791078
0.8059518706754027
0.8143087815178238
0.8792125458792126
0.4985134974432156
0.7401784525236382
0.48695048989855205
0.7999080829551329
0.9387391761754471
0.7617033276931754
0.7637571157495257
0.6920079660576675
0.8772550846141903
0.4003454977326711
0.7234635250420753
0.8784780869410614
0.20366713681241186
0.9354301572617947
0.3489298158287705
0.7547346270750526
0.8339836375078665
0.5673670341862561
0.5167373880245167
0.9652291436294386
0.7971601170828921
0.366412213740458
0.5970149253731343
0.3925911012683712
0.9701341370025445
0.7838819773202687
0.2532917062576354
0.9213455806314252
0.5485478186899987
0.8609447771124419
0.7099537264940435
0.677648135438115
0.7786811201445347
0.7807689699599918
0.9548678141066023
0.601985559566787
0.8612955069526936
0.8228334812185742
0.9306972341991797
0.9510903772816468
0.181264795400744
0.8097295852452444
0.8273335457151959
0.8710202184522425
0.8989556872706745
0.6534942315342792
0.8617533264131358
0.8928939862855755
0.7599367537211712
0.9053362573099415
0.7166284027550016
0.6527828971618135
0.7885304659498208
0.8682073703935042
0.9597658427801524
0.5912608101957214
0.8638079675438102
0.7435112277631962
0.8840132304299889
0.9717308173403381
0.8557744053384997
0.873681113119509
0.538899430740038
0.8266690153249957
0.6016172506738545
0.9632167525490626
0.3979933110367893
0.9539293647983
0.424334390950476
0.7003876684511722
0.9546764474718366
0.6151142355008787
0.500548847420417
0.8335022712767953
0.6720908551572167
0.866692779736258
0.7874911158493247
0.8657320156285913
0.715197051318401
0.9049194054846139
0.6252487562189055
0.9745073375262054
0.7977342314758115
0.7337072921978584
0.818139534883721
0.6925386925386926
0.9650793650793651
0.6120420335132065
0.9209387801983231
0.7370764283947563
0.9711690844812874
0.7345215759849906
0.726497838171711
0.8866277867394632
0.9128187154998686
0.9293828676696346
0.7214616625891416
0.9285847822022808
0.48050674911394314
0.8796139927623644
0.8669583118888318
0.9506337558372249
0.7595607724346839
0.8760359316140249
0.7294035940619846
0.7450553230522272
0.6677056662584884
0.9515491897992636
0.9497013672935485
0.9268870188461907
0.7033021192705766
0.5736798451755599
0.8564135724738795
0.8720651091984308
0.29010269926383714
0.8344612181155647
0.8774952034943054
0.14751062207212115
0.7831131163390267
0.7642633228840124
0.9247546346782988
0.9028489843597898
0.8117193240264511
0.9659349562131092
0.3886420706973151
0.9355300100651587
0.6067474960463891
0.6450975781801082
0.6671881875519484
0.8750709179621015
0.5345216782128124
0.7720264317180617
0.028645833333333336
0.5479921645445641
0.30799411476213834
0.4091018347888791
0.15709502961627608
0.9506172839506173
0.9650319567354966
0.8630717311696704
0.9178662150719727
0.47972488895257204
0.7520227421823749
0.9703390864926885
0.7652460560395574
0.5078651685393258
0.894983378664249
0.7396419437340154
0.9185114363462528
0.8895396349768455
0.5705957369284023
0.9418000067089329
0.9010647928611458
0.9042766359420623
0.825494579660016
0.7893133348957112
0.7292263610315186
0.549983394221189
0.6590389016018307
0.9609501187648456
0.8326298403376766
0.6221676737160122
0.5869346733668341
0.7648497896075938
0.8425140856627099
0.910573274535945
0.7339325609185847
0.8307412873197866
0.6955663078897996
0.9652886639494782
0.9687168279737746
0.332759362892811
0.3792270531400966
0.940012528892057
0.853684643886373
0.5250526315789474
0.8495991011695009
0.7055103884372178
0.905991597313281
0.720125433979169
0.7019662486453011
0.6493537293964188
0.5985781733326098
0.6943894389438943
0.7769562142351957
0.9444290080577938
0.9561499720201454
0.47694145758661893
0.7889737381262805
0.4733079847908745
0.9107613018878495
0.881135868654716
0.9174762830037719
0.8898442824935772
0.675189599133261
0.9663584600114925
0.7642748513756394
0.6605238337081912
0.681912681912682
0.1330779054916986
0.8216864520866479
0.6456117021276596
0.9126898879852693
0.705733862243058
0.9757573001000638
0.7458945153469648
0.8270861222668452
0.5598650927487353
0.6545510079413561
0.9605192500758797
0.8176630434782609
0.9067395264116576
0.4940102681118083
0.9397483231206387
0.9523098260962339
0.9545062261126864
0.8267800212539852
0.6994717820405894
0.49375312343828087
0.8406682234596732
0.7489204194941392
0.9619489250293981
0.6979710144927536
0.9064656738103887
0.6939055511346486
0.776742301458671
0.9437420116016124
0.9600380178856871
0.7308169853488949
0.8580387396955445
0.5138523448382604
0.6097659170644735
0.9528732137427789
0.8300884955752212
0.6224925115730235
0.8054136032442056
0.8965212698101174
0.8800832033281332
0.9554434885790567
0.760118235561619
0.9099175464282961
0.887448585317213
0.6892109500805152
0.800464614618767
0.8889597175570648
0.8284285215772944
0.6143117040630685
0.8640165051762885
0.5780240073868883
0.6587752525252526
0.7436409744102052
0.7329253584669675
0.3798373182154301
0.3047835129514086
0.7395881006864988
0.8128233265402101
0.914134495641345
0.7019050174403005
0.720461774060549
0.9184740677239606
0.4163393558523173
0.8818720404306373
0.9461181923522597
0.9016290068313191
0.8077930666124069
0.7815479769779229
0.8500539374325782
0.8861355973514238
0.7790079330485572
0.8506392870980239
0.7248546170495737
0.8445481654349799
0.9401240215512858
0.6915500999143592
0.7775943882814111
0.8292632663575478
0.7151193633952255
0.8619052429538338
0.6204716336295283
0.9381260563089987
0.6018269747447609
0.8726521074862947
0.6534047436878347
0.9196337741607324
0.7741616381442279
0.8096802074330164
0.38588192486127537
0.6633652222847496
0.8302654524316992
0.44574151280524127
0.6006819093461692
0.6182447038478168
0.7160825628897011
0.6742579802128057
0.6251634841747319
0.6187945954152118
0.9524073902717375
0.6986037007605858
0.8329195559740891
0.8994399244013184
0.8353408110440034
0.8076433121019109
0.7599036402569593
0.5257238075400958
0.8019203566376614
0.9456730873165142
0.8535369273917108
0.8241361526560083
0.8866936572199731
0.9455002355897598
0.4232692016361157
0.8241801659423151
0.5020815986677769
0.9360433216441231
0.760149783208514
0.8671817512877116
0.34454314720812185
0.6014591883264935
0.9445189189189189
0.5856118665018542
0.920210828010007
0.9368461244749905
0.7253346554288548
0.5588235294117647
0.6475337639459777
0.7683200107026991
0.7594699337417178
0.6273866348448687
0.7059738912423272
0.8196574998605455
0.8609682244354456
0.6466099207513941
0.8380351154073781
0.7651747394236664
0.8635512073272273
0.929968853416391
0.9541521631029338
0.8146676068978781
0.6588811128762182
0.9107744107744108
0.8511100760751436
0.9401662049861496
0.905359515724199
0.7648004981061588
0.9503743378806261
0.7726970917622062
0.6800521512385919
0.8432368829223938
0.9188708960949804
0.8746485759687079
0.8949628597957289
0.8923514607725134
0.7164942461931885
0.7084606783451359
0.3648776787407548
0.7337300825494336
0.7892535392535392
0.9283848797250859
0.9682084427388405
0.2157618213660245
0.8403404694351303
0.7761782088195182
0.6984508948714093
0.9162507292409412
0.7950700821652972
0.31627488471488024
0.9247099855940556
0.4568709101725164
0.49443207126948785
0.522392135445112
0.13613323678493847
0.9616144424520561
0.8981664617522853
0.6747993074138202
0.9638647407980361
0.04153498871331828
0.8871448561172963
0.9350023568847222
0.31605132233569
0.8204329004329004
0.9235058239450067
0.40335630806113276
0.4469520421930578
0.947033085130882
0.8188488993161283
0.8610270452034396
0.8448791817410336
0.9043130890705948
0.9111002921129504
0.8331211812627289
0.29324546952224056
0.5464301684304665
0.8526412133891214
0.8195821903355137
0.6487236403995561
0.8060243328100472
0.8984563189143342
0.5763239875389409
0.9470990652253382
0.7947877885331347
0.5736821854559446
0.8482368516066915
0.9435959640513866
0.7758983890954152
0.9477798534272166
0.8142304483046348
0.880803606738907
0.8808689558514365
0.8899268887083672
0.7030636292223095
0.9599505914770298
0.7908067542213884
0.5994014536126551
0.8872063676955931
0.9172497718284149
0.7589793795508781
0.7438411047651522
0.7407718935006956
0.7882156753752085
0.93106258606638
0.8493397358943577
0.9457317598415023
0.7940483091787439
0.4588744588744589
0.9496587985233248
0.8315717905927438
0.8296832225263981
0.7131298793470547
0.8463438735177866
0.8889457032373527
0.6824093951256471
0.08164481525625746
0.7713080168776371
0.3869067414128938
0.9425107547907704
0.7022016222479722
0.785201682751794
0.19981998199819984
0.8517735762837724
0.6020387359836902
0.8466709346991037
0.34077618288144607
0.8831882730187816
0.9444644789037144
0.9560696774829379
0.8079395692703311
0.5917624521072797
0.9327156657815943
0.8867185741932581
0.7795707868907004
0.9446446118571895
0.9056888866503815
0.8201289249324184
0.9086941541288619
0.9639177108390478
0.5752045311516678
0.8417339196829846
0.8098110811239879
0.6786267995570322
0.8131770292328239
0.5727190605239386
0.9591714614499425
0.9409778498109131
0.37082818294190356
0.7190218383113328
0.9322033898305084
0.968128605836554
0.8623180414644905
0.7433358720487434
0.5848573518653988
0.8806709265175718
0.9611109507174409
0.8335276381909548
0.6768405856877706
0.6194081211286993
0.9558372315275891
0.9526196636481242
0.8750835641295006
0.8890773725379323
0.7649715295503632
0.6812251843448667
0.8849610545236668
0.7425387982491046
0.9405544917159271
0.8871266867046108
0.6163860195273808
0.5976676384839651
0.9194816580367662
0.6777255388982524
0.6716471864080009
0.675665485257522
0.9634648598379169
0.17472643840451818
0.6336032388663968
0.9755815215425242
0.9672765998644594
0.8966383914546026
0.8709507228025747
0.7766235209155048
0.8788110098334156
0.9301230786682548
0.6525136052589041
0.2789659661521295
0.9435839820239147
0.28651519622307464
0.8769798220872207
0.950442237039053
0.6718986066812154
0.8110499232644218
0.5783410138248848
0.647561956283354
0.9471486821312212
0.23170409511228535
0.7435281065088757
0.5244308874202113
0.7157202848274603
0.6461401160196342
0.7488859599573212
0.6584023042986837
0.7373014487694187
0.8914396664953458
0.36665409279517164
0.8826195263963504
0.6516220028208746
0.907175275556516
0.38986374896779524
0.763762615117545
0.9687236790386883
0.7481540383960014
0.9703969008113442
0.8590036181463957
0.052256232249921104
0.6939291071287598

